V 54
K 1
D 0 -2032000 2794000 1524000
Y 1
U 2413000 1524000 254000 0 2 3 REFDES=IC?
U 2413000 1270000 254000 0 2 3 DEVICE=SN74AVC2T245RSWR
U 2413000 1016000 254000 0 2 0 PKG_TYPE=RSW(RPUQFNN10)
U 2413000 762000 254000 0 2 0 Description=Dual-Bit, 2-DIR pin Dual-Supply Bus Transceiver w/ Configurable Voltage Translation, 3-State Output
U 2413000 508000 254000 0 2 0 Datasheet Link=http://www.ti.com/lit/ds/symlink/sn74avc2t245.pdf
U 2413000 254000 254000 0 2 0 Height=
U 2413000 0 254000 0 2 0 Mouser Part Number=595-SN74AVC2T245RSWR
U 2413000 -254000 254000 0 2 0 Mouser Price/Stock=https://www.mouser.co.uk/ProductDetail/Texas-Instruments/SN74AVC2T245RSWR?qs=59Rn2Bt6jP10ddXtSUJOPw%3D%3D
U 2413000 -508000 254000 0 2 0 Manufacturer_Name=Texas Instruments
U 2413000 -762000 254000 0 2 0 Manufacturer_Part_Number=SN74AVC2T245RSWR
U 0 0 254000 0 1 0 FORWARD_PCB=1
l 5 508000 1016000 2286000 1016000 2286000 -1524000 508000 -1524000 508000 1016000
|GRPHSTL -1 -1 -1 1
P 1 1270000 -2032000 1270000 -1524000 0 1 0
L 1270000 -1447800 228600 1 2 0 1 0 DIR2
A 1219200 -1676400 203200 1 9 3 #=1
A 0 0 9 0 3 0 PINTYPE=BI
P 2 1524000 -2032000 1524000 -1524000 0 1 0
L 1524000 -1447800 228600 1 2 0 1 0 ~OE2
A 1473200 -1676400 203200 1 9 3 #=2
A 0 0 9 0 3 0 PINTYPE=BI
P 3 2794000 -508000 2286000 -508000 0 3 0
L 2209800 -508000 228600 0 8 0 1 0 GND
A 2438400 -457200 203200 0 3 3 #=3
A 0 0 9 0 3 0 PINTYPE=GROUND
P 4 2794000 -254000 2286000 -254000 0 3 0
L 2209800 -254000 228600 0 8 0 1 0 B2
A 2438400 -203200 203200 0 3 3 #=4
A 0 0 9 0 3 0 PINTYPE=BI
P 5 2794000 0 2286000 0 0 3 0
L 2209800 0 228600 0 8 0 1 0 B1
A 2438400 50800 203200 0 3 3 #=5
A 0 0 9 0 3 0 PINTYPE=BI
P 6 1524000 1524000 1524000 1016000 0 0 0
L 1524000 939800 228600 1 8 0 1 0 VCCB
A 1473200 1168400 203200 1 3 3 #=6
A 0 0 9 0 3 0 PINTYPE=POWER
P 7 1270000 1524000 1270000 1016000 0 0 0
L 1270000 939800 228600 1 8 0 1 0 VCCA
A 1219200 1168400 203200 1 3 3 #=7
A 0 0 9 0 3 0 PINTYPE=POWER
P 8 0 0 508000 0 0 2 0
L 584200 0 228600 0 2 0 1 0 A1
A 355600 50800 203200 0 9 3 #=8
A 0 0 9 0 3 0 PINTYPE=BI
P 9 0 -254000 508000 -254000 0 2 0
L 584200 -254000 228600 0 2 0 1 0 A2
A 355600 -203200 203200 0 9 3 #=9
A 0 0 9 0 3 0 PINTYPE=BI
P 10 0 -508000 508000 -508000 0 2 0
L 584200 -508000 228600 0 2 0 1 0 DIR1
A 355600 -457200 203200 0 9 3 #=10
A 0 0 9 0 3 0 PINTYPE=BI
E
